[111, 112, 113]
[121, 122, 123]
[221, 222, 223]
[231, 232, 233]
[311, 312, 313]
[321, 322, 323]
[-111, -112]
[-111, -113]
[-112, -111]
[-112, -113]
[-113, -111]
[-113, -112]
[-121, -122]
[-121, -123]
[-122, -121]
[-122, -123]
[-123, -121]
[-123, -122]
[-221, -222]
[-221, -223]
[-222, -221]
[-222, -223]
[-223, -221]
[-223, -222]
[-231, -232]
[-231, -233]
[-232, -231]
[-232, -233]
[-233, -231]
[-233, -232]
[-311, -312]
[-311, -313]
[-312, -311]
[-312, -313]
[-313, -311]
[-313, -312]
[-321, -322]
[-321, -323]
[-322, -321]
[-322, -323]
[-323, -321]
[-323, -322]
[-111, -121]
[-111]
[-121, -111]
[-121]
[-111]
[-121]
[-112, -122]
[-122, -112]
[-113, -123]
[-123, -113]
[-221, -231]
[-231, -221]
[-222, -232]
[-232, -222]
[-223]
[-233]
[-223]
[-223, -233]
[-233]
[-233, -223]
[-311, -321]
[-321, -311]
[-312, -322]
[-322, -312]
[-313, -323]
[-313]
[-323, -313]
[-323]
[-313]
[-323]
[-111, -311]
[-311, -111]
[-112, -312]
[-312, -112]
[-113]
[-113, -313]
[-113]
[-313]
[-313, -113]
[-313]
[-121, -221]
[-121, -321]
[-221, -121]
[-221, -321]
[-321, -121]
[-321, -221]
[-122, -222]
[-122, -322]
[-222, -122]
[-222, -322]
[-322, -122]
[-322, -222]
[-123, -223]
[-123, -323]
[-223, -123]
[-223, -323]
[-323, -123]
[-323, -223]
[-231]
[-231]
[-233]
[-233]
[131]
[-212]
[333]
[-211]
[-332]
[213]
[-331]
[-133]
[-132]

