original: 
[111, 112, 113]
[121, 122, 123]
[131, 132, 133]
[211, 212, 213]
[221, 222, 223]
[231, 232, 233]
[311, 312, 313]
[321, 322, 323]
[331, 332, 333]
[-111, -112]
[-111, -113]
[-112, -111]
[-112, -113]
[-113, -111]
[-113, -112]
[-121, -122]
[-121, -123]
[-122, -121]
[-122, -123]
[-123, -121]
[-123, -122]
[-131, -132]
[-131, -133]
[-132, -131]
[-132, -133]
[-133, -131]
[-133, -132]
[-211, -212]
[-211, -213]
[-212, -211]
[-212, -213]
[-213, -211]
[-213, -212]
[-221, -222]
[-221, -223]
[-222, -221]
[-222, -223]
[-223, -221]
[-223, -222]
[-231, -232]
[-231, -233]
[-232, -231]
[-232, -233]
[-233, -231]
[-233, -232]
[-311, -312]
[-311, -313]
[-312, -311]
[-312, -313]
[-313, -311]
[-313, -312]
[-321, -322]
[-321, -323]
[-322, -321]
[-322, -323]
[-323, -321]
[-323, -322]
[-331, -332]
[-331, -333]
[-332, -331]
[-332, -333]
[-333, -331]
[-333, -332]
[-111, -121]
[-111, -131]
[-121, -111]
[-121, -131]
[-131, -111]
[-131, -121]
[-112, -122]
[-112, -132]
[-122, -112]
[-122, -132]
[-132, -112]
[-132, -122]
[-113, -123]
[-113, -133]
[-123, -113]
[-123, -133]
[-133, -113]
[-133, -123]
[-211, -221]
[-211, -231]
[-221, -211]
[-221, -231]
[-231, -211]
[-231, -221]
[-212, -222]
[-212, -232]
[-222, -212]
[-222, -232]
[-232, -212]
[-232, -222]
[-213, -223]
[-213, -233]
[-223, -213]
[-223, -233]
[-233, -213]
[-233, -223]
[-311, -321]
[-311, -331]
[-321, -311]
[-321, -331]
[-331, -311]
[-331, -321]
[-312, -322]
[-312, -332]
[-322, -312]
[-322, -332]
[-332, -312]
[-332, -322]
[-313, -323]
[-313, -333]
[-323, -313]
[-323, -333]
[-333, -313]
[-333, -323]
[-111, -211]
[-111, -311]
[-211, -111]
[-211, -311]
[-311, -111]
[-311, -211]
[-112, -212]
[-112, -312]
[-212, -112]
[-212, -312]
[-312, -112]
[-312, -212]
[-113, -213]
[-113, -313]
[-213, -113]
[-213, -313]
[-313, -113]
[-313, -213]
[-121, -221]
[-121, -321]
[-221, -121]
[-221, -321]
[-321, -121]
[-321, -221]
[-122, -222]
[-122, -322]
[-222, -122]
[-222, -322]
[-322, -122]
[-322, -222]
[-123, -223]
[-123, -323]
[-223, -123]
[-223, -323]
[-323, -123]
[-323, -223]
[-131, -231]
[-131, -331]
[-231, -131]
[-231, -331]
[-331, -131]
[-331, -231]
[-132, -232]
[-132, -332]
[-232, -132]
[-232, -332]
[-332, -132]
[-332, -232]
[-133, -233]
[-133, -333]
[-233, -133]
[-233, -333]
[-333, -133]
[-333, -233]
[131]
[213]
[333]



After Propagat:
[111, 112, 113]
[121, 122, 123]
[221, 222, 223]
[231, 232, 233]
[311, 312, 313]
[321, 322, 323]
[-111, -112]
[-111, -113]
[-112, -111]
[-112, -113]
[-113, -111]
[-113, -112]
[-121, -122]
[-121, -123]
[-122, -121]
[-122, -123]
[-123, -121]
[-123, -122]
[-132]
[-133]
[-132]
[-132, -133]
[-133]
[-133, -132]
[-211, -212]
[-211]
[-212, -211]
[-212]
[-211]
[-212]
[-221, -222]
[-221, -223]
[-222, -221]
[-222, -223]
[-223, -221]
[-223, -222]
[-231, -232]
[-231, -233]
[-232, -231]
[-232, -233]
[-233, -231]
[-233, -232]
[-311, -312]
[-311, -313]
[-312, -311]
[-312, -313]
[-313, -311]
[-313, -312]
[-321, -322]
[-321, -323]
[-322, -321]
[-322, -323]
[-323, -321]
[-323, -322]
[-331, -332]
[-331]
[-332, -331]
[-332]
[-331]
[-332]
[-111, -121]
[-111]
[-121, -111]
[-121]
[-111]
[-121]
[-112, -122]
[-112, -132]
[-122, -112]
[-122, -132]
[-132, -112]
[-132, -122]
[-113, -123]
[-113, -133]
[-123, -113]
[-123, -133]
[-133, -113]
[-133, -123]
[-211, -221]
[-211, -231]
[-221, -211]
[-221, -231]
[-231, -211]
[-231, -221]
[-212, -222]
[-212, -232]
[-222, -212]
[-222, -232]
[-232, -212]
[-232, -222]
[-223]
[-233]
[-223]
[-223, -233]
[-233]
[-233, -223]
[-311, -321]
[-311, -331]
[-321, -311]
[-321, -331]
[-331, -311]
[-331, -321]
[-312, -322]
[-312, -332]
[-322, -312]
[-322, -332]
[-332, -312]
[-332, -322]
[-313, -323]
[-313]
[-323, -313]
[-323]
[-313]
[-323]
[-111, -211]
[-111, -311]
[-211, -111]
[-211, -311]
[-311, -111]
[-311, -211]
[-112, -212]
[-112, -312]
[-212, -112]
[-212, -312]
[-312, -112]
[-312, -212]
[-113]
[-113, -313]
[-113]
[-313]
[-313, -113]
[-313]
[-121, -221]
[-121, -321]
[-221, -121]
[-221, -321]
[-321, -121]
[-321, -221]
[-122, -222]
[-122, -322]
[-222, -122]
[-222, -322]
[-322, -122]
[-322, -222]
[-123, -223]
[-123, -323]
[-223, -123]
[-223, -323]
[-323, -123]
[-323, -223]
[-231]
[-331]
[-231]
[-231, -331]
[-331]
[-331, -231]
[-132, -232]
[-132, -332]
[-232, -132]
[-232, -332]
[-332, -132]
[-332, -232]
[-133, -233]
[-133]
[-233, -133]
[-233]
[-133]
[-233]
[131]
[213]
[333]



After Pure:
[111, 112, 113]
[121, 122, 123]
[221, 222, 223]
[231, 232, 233]
[311, 312, 313]
[321, 322, 323]
[-111, -112]
[-111, -113]
[-112, -111]
[-112, -113]
[-113, -111]
[-113, -112]
[-121, -122]
[-121, -123]
[-122, -121]
[-122, -123]
[-123, -121]
[-123, -122]
[-221, -222]
[-221, -223]
[-222, -221]
[-222, -223]
[-223, -221]
[-223, -222]
[-231, -232]
[-231, -233]
[-232, -231]
[-232, -233]
[-233, -231]
[-233, -232]
[-311, -312]
[-311, -313]
[-312, -311]
[-312, -313]
[-313, -311]
[-313, -312]
[-321, -322]
[-321, -323]
[-322, -321]
[-322, -323]
[-323, -321]
[-323, -322]
[-111, -121]
[-111]
[-121, -111]
[-121]
[-111]
[-121]
[-112, -122]
[-122, -112]
[-113, -123]
[-123, -113]
[-221, -231]
[-231, -221]
[-222, -232]
[-232, -222]
[-223]
[-233]
[-223]
[-223, -233]
[-233]
[-233, -223]
[-311, -321]
[-321, -311]
[-312, -322]
[-322, -312]
[-313, -323]
[-313]
[-323, -313]
[-323]
[-313]
[-323]
[-111, -311]
[-311, -111]
[-112, -312]
[-312, -112]
[-113]
[-113, -313]
[-113]
[-313]
[-313, -113]
[-313]
[-121, -221]
[-121, -321]
[-221, -121]
[-221, -321]
[-321, -121]
[-321, -221]
[-122, -222]
[-122, -322]
[-222, -122]
[-222, -322]
[-322, -122]
[-322, -222]
[-123, -223]
[-123, -323]
[-223, -123]
[-223, -323]
[-323, -123]
[-323, -223]
[-231]
[-231]
[-233]
[-233]
[131]
[-212]
[333]
[-211]
[-332]
[213]
[-331]
[-133]
[-132]



original: 
[111, 112, 113]
[121, 122, 123]
[221, 222, 223]
[231, 232, 233]
[311, 312, 313]
[321, 322, 323]
[-111, -112]
[-111, -113]
[-112, -111]
[-112, -113]
[-113, -111]
[-113, -112]
[-121, -122]
[-121, -123]
[-122, -121]
[-122, -123]
[-123, -121]
[-123, -122]
[-221, -222]
[-221, -223]
[-222, -221]
[-222, -223]
[-223, -221]
[-223, -222]
[-231, -232]
[-231, -233]
[-232, -231]
[-232, -233]
[-233, -231]
[-233, -232]
[-311, -312]
[-311, -313]
[-312, -311]
[-312, -313]
[-313, -311]
[-313, -312]
[-321, -322]
[-321, -323]
[-322, -321]
[-322, -323]
[-323, -321]
[-323, -322]
[-111, -121]
[-111]
[-121, -111]
[-121]
[-111]
[-121]
[-112, -122]
[-122, -112]
[-113, -123]
[-123, -113]
[-221, -231]
[-231, -221]
[-222, -232]
[-232, -222]
[-223]
[-233]
[-223]
[-223, -233]
[-233]
[-233, -223]
[-311, -321]
[-321, -311]
[-312, -322]
[-322, -312]
[-313, -323]
[-313]
[-323, -313]
[-323]
[-313]
[-323]
[-111, -311]
[-311, -111]
[-112, -312]
[-312, -112]
[-113]
[-113, -313]
[-113]
[-313]
[-313, -113]
[-313]
[-121, -221]
[-121, -321]
[-221, -121]
[-221, -321]
[-321, -121]
[-321, -221]
[-122, -222]
[-122, -322]
[-222, -122]
[-222, -322]
[-322, -122]
[-322, -222]
[-123, -223]
[-123, -323]
[-223, -123]
[-223, -323]
[-323, -123]
[-323, -223]
[-231]
[-231]
[-233]
[-233]
[131]
[-212]
[333]
[-211]
[-332]
[213]
[-331]
[-133]
[-132]



After Propagat:
[112]
[122, 123]
[221, 222]
[232]
[311, 312]
[321, 322]
[-122, -123]
[-123, -122]
[-221, -222]
[-222, -221]
[-311, -312]
[-312, -311]
[-321, -322]
[-322, -321]
[-111]
[-121]
[-111]
[-121]
[-112, -122]
[-122, -112]
[-222, -232]
[-232, -222]
[-223]
[-233]
[-223]
[-233]
[-311, -321]
[-321, -311]
[-312, -322]
[-322, -312]
[-313]
[-323]
[-313]
[-323]
[-112, -312]
[-312, -112]
[-113]
[-113]
[-313]
[-313]
[-221, -321]
[-321, -221]
[-122, -222]
[-122, -322]
[-222, -122]
[-222, -322]
[-322, -122]
[-322, -222]
[-231]
[-231]
[-233]
[-233]
[131]
[-212]
[333]
[-211]
[-332]
[213]
[-331]
[-133]
[-132]



After Pure:
[112]
[122, 123]
[221, 222]
[232]
[311, 312]
[321, 322]
[-122, -123]
[-123, -122]
[-221, -222]
[-222, -221]
[-311, -312]
[-312, -311]
[-321, -322]
[-322, -321]
[-112, -122]
[-122, -112]
[-222, -232]
[-232, -222]
[-311, -321]
[-321, -311]
[-312, -322]
[-322, -312]
[-112, -312]
[-312, -112]
[-221, -321]
[-321, -221]
[-122, -222]
[-122, -322]
[-222, -122]
[-222, -322]
[-322, -122]
[-322, -222]
[-223]
[131]
[-121]
[-313]
[-212]
[333]
[-211]
[-113]
[-111]
[-332]
[213]
[-331]
[-233]
[-231]
[-133]
[-132]
[-323]



original: 
[112]
[122, 123]
[221, 222]
[232]
[311, 312]
[321, 322]
[-122, -123]
[-123, -122]
[-221, -222]
[-222, -221]
[-311, -312]
[-312, -311]
[-321, -322]
[-322, -321]
[-112, -122]
[-122, -112]
[-222, -232]
[-232, -222]
[-311, -321]
[-321, -311]
[-312, -322]
[-322, -312]
[-112, -312]
[-312, -112]
[-221, -321]
[-321, -221]
[-122, -222]
[-122, -322]
[-222, -122]
[-222, -322]
[-322, -122]
[-322, -222]
[-223]
[131]
[-121]
[-313]
[-212]
[333]
[-211]
[-113]
[-111]
[-332]
[213]
[-331]
[-233]
[-231]
[-133]
[-132]
[-323]



After Propagat:
[112]
[122, 123]
[221, 222]
[232]
[311, 312]
[321, 322]
[-122, -123]
[-123, -122]
[-221, -222]
[-222, -221]
[-311, -312]
[-312, -311]
[-321, -322]
[-322, -321]
[-122]
[-122]
[-222]
[-222]
[-311, -321]
[-321, -311]
[-312, -322]
[-322, -312]
[-312]
[-312]
[-221, -321]
[-321, -221]
[-122, -222]
[-122, -322]
[-222, -122]
[-222, -322]
[-322, -122]
[-322, -222]
[-223]
[131]
[-121]
[-313]
[-212]
[333]
[-211]
[-113]
[-111]
[-332]
[213]
[-331]
[-233]
[-231]
[-133]
[-132]
[-323]



After Pure:
[122, 123]
[221, 222]
[311, 312]
[321, 322]
[-122, -123]
[-123, -122]
[-221, -222]
[-222, -221]
[-311, -312]
[-312, -311]
[-321, -322]
[-322, -321]
[-122]
[-122]
[-222]
[-222]
[-311, -321]
[-321, -311]
[-312, -322]
[-322, -312]
[-312]
[-312]
[-221, -321]
[-321, -221]
[-122, -222]
[-122, -322]
[-222, -122]
[-222, -322]
[-322, -122]
[-322, -222]
[131]
[-121]
[-113]
[-111]
[-233]
[-231]
[-223]
[-212]
[-211]
[-332]
[-331]
[-323]
[-313]
[333]
[213]
[232]
[112]
[-133]
[-132]